11111111111111111111111111111111111
1P000000000000001110000000000000001
10111111011111101110111111101111101
10111111011111101110111111101111101
10111111011111101110111111101111101
10111111011111101110111111101111101
10000000000000000500000000000000001
10111111011011111111111011101111101
10111111011011111111111011101111101
10000020011000001110000011100000001
11111111011111101110111111101111111
11111111011111101110111111101111111
11111111011111101110111111101111111
11111111011000000000000011101111111
11111111011011111111111011101111111
111111110110111llllll11011101111111
111111110000111llllll11000001111111
111111110110111llllll11011101111111
11111111011011111111111011101111111
11111111011000000000000011101111111
11111111011011111111111011101111111
11111111011011111111111011101111111
11111111011011111111111011101111111
10000000030000001110000000000040001
10111111011111101110111111101111101
10111111011111101110111111101111101
10000111000000000000000000001100001
11110111011011111111111011101101111
11110111011011111111111011101101111
11110111011011111111111011101101111
10000000011000001110000011100000001
10111111111111101110111111111111101
10111111111111101110111111111111101
10000000000000000000000000000000001
11111111111111111111111111111111111






